16 29 24.47	-26 25 55.0	0.91
17 33 36.53	-37 06 13.5	1.62
17 37 19.13	-42 59 52.2	1.86
16 00 20.01	-22 37 17.8	2.29
16 50 10.24	-34 17 33.4	2.29
17 42 29.28	-39 01 47.7	2.39
16 05 26.23	-19 48 19.4	2.62
17 30 45.84	-37 17 44.7	2.7
16 35 52.96	-28 12 57.5	2.82
15 58 51.12	-26 06 50.6	2.89
16 21 11.32	-25 35 33.9	2.9
17 47 35.08	-40 07 37.1	2.99
16 51 52.24	-38 02 50.4	3
17 49 51.45	-37 02 36.1	3.19
17 12 09.18	-43 14 18.6	3.32
16 52 20.15	-38 01 02.9	3.56
16 54 35.11	-42 21 38.7	3.62
15 56 53.09	-29 12 50.4	3.87
16 06 48.43	-20 40 08.9	3.93
16 11 59.74	-19 27 38.3	4
16 36 22.46	-35 15 19.3	4.18
16 31 22.94	-34 42 15.6	4.24
17 36 32.85	-38 38 05.5	4.26
16 07 24.30	-20 52 07.2	4.31
16 20 38.18	-24 10 09.4	4.55
16 12 18.21	-27 55 34.7	4.58
15 53 36.73	-25 19 37.5	4.59
15 50 58.75	-25 45 04.4	4.63
16 53 59.73	-42 21 43.3	4.7
16 04 22.10	-11 22 23.0	4.77
17 50 11.11	-40 05 25.5	4.78
16 30 12.48	-25 06 54.6	4.79
17 49 10.47	-31 42 11.5	4.79
16 18 17.92	-28 36 49.6	4.8
17 04 49.35	-34 07 22.5	4.83
17 56 47.43	-44 20 31.9	4.85
17 57 47.81	-41 42 58.5	4.88
16 05 26.58	-19 48 06.6	4.9
16 12 00.00	-10 03 51.1	4.93
16 03 20.67	-25 51 54.5	4.96
17 01 52.65	-32 08 36.2	5.03
17 10 42.35	-44 33 27.2	5.06
16 04 22.3	-11 22 18	5.07
16 11 02.13	-29 24 57.6	5.09
17 24 13.09	-44 09 45.0	5.1
16 29 24.2	-26 25 51	5.2
16 51 33.72	-41 13 49.9	5.23
16 13 50.91	-11 50 15.8	5.24
16 31 41.77	-41 49 01.7	5.31
16 08 07.52	-26 19 36.0	5.35
16 24 01.24	-39 11 34.8	5.37
15 53 53.92	-24 31 59.1	5.38
15 53 55.87	-23 58 40.9	5.41
16 24 31.77	-37 33 57.5	5.42
15 58 34.87	-24 49 53.1	5.43
16 12 07.29	-08 32 51.3	5.43
16 36 22.57	-42 51 31.9	5.46
16 54 01.84	-41 48 23.0	5.46
16 46 47.97	-39 22 36.8	5.48
16 57 11.17	-33 15 34.1	5.48
16 15 37.13	-08 22 05.7	5.49
16 09 52.61	-33 32 44.5	5.5
16 19 32.68	-30 54 24.4	5.53
17 17 03.71	-32 39 45.7	5.53
17 42 51.09	-36 56 43.8	5.53
17 15 19.25	-33 32 54.3	5.53
17 53 23.47	-34 53 42.4	5.58
15 55 30.10	-26 15 57.3	5.63
16 44 42.60	-40 50 22.6	5.64
17 12 16.22	-39 30 24.4	5.66
16 12 16.05	-28 25 01.9	5.67
17 34 42.49	-32 34 54.0	5.69
16 07 36.44	-12 44 43.2	5.75
17 18 47.84	-44 07 46.9	5.76
16 54 58.51	-41 09 03.1	5.78
16 28 14.46	-37 10 47.3	5.79
16 38 26.30	-43 23 54.2	5.83
15 57 40.47	-20 58 58.9	5.84
16 41 45.50	-33 08 44.2	5.84
16 54 26.94	-42 28 44.0	5.84
17 33 07.39	-41 10 23.0	5.84
17 52 19.76	-34 25 00.6	5.84
16 24 39.73	-29 42 16.1	5.84
16 11 17.77	-41 07 10.2	5.86
16 08 43.73	-23 41 07.3	5.87
15 54 39.54	-25 14 37.2	5.87
17 44 42.01	-42 43 45.5	5.87
17 52 13.66	-34 47 57.1	5.87
16 06 06.38	-23 36 22.5	5.9
16 14 22.37	-33 00 39.8	5.91
17 03 50.87	-38 09 09.0	5.91
17 18 56.36	-34 59 22.5	5.91
17 22 54.73	-37 13 14.5	5.91
16 39 05.24	-37 13 02.1	5.93
17 08 47.55	-30 24 12.8	5.93
17 51 32.57	-40 46 20.4	5.94
16 53 42.44	-43 03 03.2	5.95
17 00 36.99	-35 56 02.3	5.95
17 12 58.56	-32 26 18.0	5.95
17 15 36.08	-38 35 34.6	5.95
16 19 00.43	-14 52 22.2	5.97
17 06 20.20	-37 13 39.1	5.98
17 28 56.09	-36 46 41.8	5.98
16 45 00.21	-28 30 34.8	5.99
17 53 54.77	-34 45 09.8	6
17 40 58.55	-32 12 52.0	6.01
17 52 57.60	-35 37 27.1	6.03
16 43 47.60	-38 09 22.5	6.05
16 58 52.25	-37 37 13.5	6.05
17 52 49.22	-34 06 53.4	6.05
17 55 08.03	-36 28 32.3	6.05
16 14 53.44	-25 28 36.9	6.06
16 54 10.06	-41 49 30.1	6.06
16 02 39.40	-29 08 08.8	6.07
16 31 22.87	-26 32 15.2	6.07
16 15 51.49	-14 50 56.8	6.09
17 16 21.68	-35 44 58.1	6.09
17 38 08.45	-42 52 48.7	6.09
16 51 00.04	-37 30 52.1	6.1
17 54 27.12	-34 28 00.2	6.1
16 56 37.85	-30 34 48.1	6.1
16 20 32.63	-39 25 48.8	6.11
17 06 28.37	-35 27 03.7	6.13
16 43 54.09	-41 06 47.9	6.14
17 25 02.67	-34 41 45.6	6.14
17 53 19.58	-34 43 50.9	6.14
15 54 30.12	-27 20 18.9	6.15
17 32 24.64	-34 16 45.6	6.16
16 09 31.76	-32 38 56.2	6.18
16 56 35.98	-40 49 24.4	6.18
17 05 48.47	-44 06 18.4	6.18
17 52 52.47	-41 59 45.8	6.19
17 15 51.36	-30 12 38.2	6.2
16 55 37.81	-45 06 10.7	6.2
16 43 45.70	-41 07 08.9	6.21
16 03 54.71	-24 43 34.8	6.22
17 37 26.92	-38 03 58.9	6.26
17 05 05.39	-45 30 07.4	6.28
17 57 57.80	-39 08 11.3	6.28
16 53 58.85	-41 59 39.6	6.29
16 19 07.71	-20 13 04.9	6.29
16 55 57.74	-33 30 24.8	6.29
16 11 58.60	-19 26 59.0	6.3
16 55 03.33	-42 05 27.0	6.3
17 12 16.55	-38 49 20.7	6.3
17 29 00.86	-43 58 26.0	6.3
16 07 03.53	-14 04 16.8	6.32
16 07 51.90	-24 27 44.2	6.32
16 14 39.30	-18 32 07.2	6.32
17 22 39.22	-37 48 16.7	6.33
16 54 35.94	-30 35 14.4	6.34
16 52 27.42	-40 43 23.2	6.35
17 18 20.51	-32 33 11.1	6.36
17 29 25.60	-38 31 01.0	6.38
17 53 45.50	-34 47 09.7	6.38
16 13 45.50	-24 25 19.4	6.4
16 16 59.20	-20 06 14.7	6.4
16 14 28.89	-21 06 27.2	6.41
17 47 07.30	-38 06 43.5	6.41
17 53 58.13	-34 49 51.8	6.41
17 14 27.66	-39 45 59.9	6.42
17 22 37.90	-35 54 39.4	6.42
16 09 55.31	-18 20 25.6	6.43
16 35 07.77	-45 14 39.2	6.43
17 31 47.36	-33 42 11.1	6.43
17 43 06.86	-33 03 04.6	6.44
16 23 56.72	-33 11 57.6	6.45
16 54 11.64	-41 50 57.2	6.45
16 43 38.73	-32 06 21.2	6.46
17 17 05.54	-44 46 42.9	6.46
17 56 55.89	-40 18 20.3	6.46
16 42 29.11	-37 04 44.9	6.47
17 03 56.77	-37 50 39.0	6.48
17 35 43.08	-37 26 23.3	6.48
16 52 19.25	-41 51 16.2	6.49
17 00 14.26	-44 59 18.5	6.5
17 03 56.77	-37 50 38.9	6.51
16 10 15.92	-26 54 32.8	6.57
17 56 16.08	-32 28 30.0	6.61
16 58 19.75	-33 36 32.8	6.61
17 41 59.03	-33 30 13.7	6.66
16 46 51.35	-25 31 42.7	6.72
17 22 46.48	-45 36 51.4	6.74
16 24 43.72	-34 53 37.5	7.05
16 08 34.29	-39 06 18.3	7.05
16 01 55	-21 58 49	7.18
17 19 01.94	-34 59 33.3	7.24
17 38 59.53	-43 08 43.8	7.27
16 20 05.49	-20 03 23.0	7.37
17 04 30.87	-43 18 35.2	7.39
17 02 53.82	-38 27 36.8	7.42
17 50 32.34	-33 42 20.4	7.51
16 53 55.56	-41 52 51.29	7.57
17 48 47.60	-35 03 29.6	7.59
16 53 59.99	-41 42 52.8	7.61
17 42 16.81	-32 31 23.6	7.85
17 30 48.38	-33 36 36.0	7.91
17 11 17.02	-32 19 30.7	8.1
16 11 36.45	-27 04 41.4	8.12
16 06 57.95	-27 43 09.8	8.19
16 54 19.85	-41 50 09.4	8.23
16 04 36.13	-24 06 00.6	8.3
17 30 33.36	-33 39 15.9	8.57
17 48 37.50	-30 28 33.5	8.81
15 56 40.02	-22 01 40.0	8.86
17 56 55.56	-34 45 01.2	8.86
16 13 11.59	-22 29 06.7	8.86
17 34 24.51	-32 30 16.0	8.97
16 54 44.85	-36 53 18.6	9
17 06 53.91	-42 39 39.7	9.03
17 50 38.35	-40 19 06.1	9.12
16 21 55	-20 43 07	9.15
16 51 38.55	-45 25 36.1	9.33
17 39 41.26	-32 17 57.4	9.34
17 18 23.06	-34 24 30.6	9.35
17 37 58.50	-35 23 04.32	9.83
17 56 18.57	-33 48 43.4	9.98
17 18 58.69	-34 59 48.3	10.22
17 24 43.41	-34 11 56.5	10.43
17 37 03.66	-44 19 09.2	10.95
16 23 33.84	-39 13 46.2	11.03
16 19 55.07	-15 38 24.8	11.1
16 12 41.77	-18 52 31.8	11.34
16 59 06.79	-42 42 08.6	11.43
15 59 50.95	-28 03 42.3	11.59
16 54 41.04	-30 23 06.7	11.7
16 17 02.83	-22 58 31.3	12
16 11 31.40	-18 38 24.5	12.05
16 08 36.18	-39 23 02.5	12.5
16 09 30.31	-21 04 57.6	12.97
17 19 49.33	-39 10 37.9	13.1
16 54 51.98	-30 37 18.2	13.25
16 54 00.14	-39 50 44.9	14.2
17 39 11.58	-30 20 37.6	14.8
17 54 19	-30 22 38	15.7
16 08 29.73	-39 03 11.0	16.42
17 38 58.3	-44 27 00	17.4
17 41 35.2	-30 06 39.6	17.8
17 07 17.44	-43 15 22.0	18
17 29 18.81	-31 46 01.5	18
17 12 51.21	-30 56 37.2	18
17 05 44.49	-36 25 23.1	18.6
16 22 30.80	-17 52 43.2	19.3
17 55 22.27	-33 15 58.5	19.3
17 50 09	-34 40 23	19.5
16 57 40.91	-32 20 36.4	20
17 57 33.02	-30 43 10.4	20.4
16 23 38.22	-26 31 53.8	21.3
17 05 14.53	-34 46 41.0	23.38
